#site_i   site_i(x)    site_i(y)    site_j   site_j(x)    site_j(y)     SS[site_i][site_j]     LL[site_i][site_j]     JeffJeff[site_i][site_j]     MM[site_i][site_j]
0              0              0              0              0              0         2.0022         1.9882        2.03507        13.9077
0              0              0              1              1              0       0.386004      -0.222001     -0.0145411        1.67911
0              0              0              2              2              0       0.980765       0.936883       0.078936        8.53737
0              0              0              3              3              0       0.373843      -0.206911     0.00897409        1.60437
0              0              0              4              4              0       0.980781       0.936244      0.0792173        8.53498
0              0              0              5              5              0       0.376375      -0.204453     0.00874894        1.62739
0              0              0              6              6              0       0.981533       0.936229      0.0792033        8.53948
0              0              0              7              7              0       0.380571       -0.20015     0.00838508         1.6662
0              0              0              8              8              0        0.98254       0.936137      0.0792041        8.54524
0              0              0              9              9              0       0.386729      -0.194551     0.00789689        1.72093
0              0              0             10             10              0       0.983732       0.936089      0.0790795         8.5525
0              0              0             11             11              0        0.39155      -0.189967     0.00749508        1.76441
0              0              0             12             12              0       0.984271       0.935885      0.0791977        8.55489
0              0              0             13             13              0       0.392799      -0.187756     0.00723228        1.77906
0              0              0             14             14              0       0.981824       0.931591      0.0816695        8.52238
0              0              0             15             15              0       0.213428      -0.182203     0.00541242       0.723134
1              1              0              0              0              0       0.386004      -0.222001     -0.0145411        1.67911
1              1              0              1              1              0        2.00506        1.97496        2.22971        13.4958
1              1              0              2              2              0       0.552218        -0.2283     -0.0173489        2.66311
1              1              0              3              3              0        0.99832       0.900223        0.16069        8.36921
1              1              0              4              4              0       0.554936      -0.209015      0.0111272        2.68032
1              1              0              5              5              0       0.998389       0.900287       0.160777        8.36964
1              1              0              6              6              0       0.551589      -0.212421      0.0117532        2.64876
1              1              0              7              7              0       0.998436       0.900274        0.16071        8.37002
1              1              0              8              8              0       0.546977      -0.217189       0.012633        2.60503
1              1              0              9              9              0       0.998469       0.900141       0.160922        8.36939
1              1              0             10             10              0       0.541307      -0.222475      0.0136325        2.55315
1              1              0             11             11              0       0.998464       0.900059       0.161004        8.36895
1              1              0             12             12              0       0.538663      -0.225714      0.0142155        2.52641
1              1              0             13             13              0       0.998464        0.90058       0.160559        8.37141
1              1              0             14             14              0       0.549778      -0.224768        0.01464        2.59508
1              1              0             15             15              0       0.981851       0.931518      0.0818536        8.52195
2              2              0              0              0              0       0.980765       0.936883       0.078936        8.53737
2              2              0              1              1              0       0.552218        -0.2283     -0.0173489        2.66311
2              2              0              2              2              0        2.00569        1.97308        2.20921         13.535
2              2              0              3              3              0       0.539378      -0.230149     -0.0168731        2.57957
2              2              0              4              4              0       0.998546        0.90493       0.155655        8.39475
2              2              0              5              5              0       0.544308      -0.207946      0.0103254        2.62136
2              2              0              6              6              0       0.998566       0.904954       0.155671        8.39492
2              2              0              7              7              0       0.548103      -0.203797     0.00961456          2.658
2              2              0              8              8              0       0.998529       0.904923       0.155635        8.39467
2              2              0              9              9              0       0.553664      -0.198398     0.00864278        2.70951
2              2              0             10             10              0       0.998441       0.904941       0.155346        8.39478
2              2              0             11             11              0       0.558013      -0.193979     0.00784695        2.75045
2              2              0             12             12              0       0.998385       0.904784       0.155554        8.39355
2              2              0             13             13              0       0.559139      -0.191854     0.00734793        2.76458
2              2              0             14             14              0       0.998458       0.900633        0.16041        8.37182
2              2              0             15             15              0       0.393924      -0.186876     0.00714819        1.78862
3              3              0              0              0              0       0.373843      -0.206911     0.00897409        1.60437
3              3              0              1              1              0        0.99832       0.900223        0.16069        8.36921
3              3              0              2              2              0       0.539378      -0.230149     -0.0168731        2.57957
3              3              0              3              3              0        2.00564        1.97326         2.2106        13.5324
3              3              0              4              4              0       0.539398      -0.231074     -0.0166137        2.57639
3              3              0              5              5              0       0.998534       0.904506       0.155583        8.39356
3              3              0              6              6              0       0.538656      -0.214625      0.0116819         2.5647
3              3              0              7              7              0       0.998541       0.904484       0.155588        8.39352
3              3              0              8              8              0       0.533998      -0.219411      0.0125372        2.52068
3              3              0              9              9              0        0.99847       0.904343       0.155791        8.39227
3              3              0             10             10              0       0.528271      -0.224721      0.0135042        2.46845
3              3              0             11             11              0       0.998384       0.904254       0.155869        8.39133
3              3              0             12             12              0       0.525601      -0.227973       0.014069        2.44155
3              3              0             13             13              0       0.998363       0.904774       0.155437        8.39362
3              3              0             14             14              0       0.536829      -0.227018      0.0144895        2.51094
3              3              0             15             15              0       0.984663       0.935839      0.0792491          8.557
4              4              0              0              0              0       0.980781       0.936244      0.0792173        8.53498
4              4              0              1              1              0       0.554936      -0.209015      0.0111272        2.68032
4              4              0              2              2              0       0.998546        0.90493       0.155655        8.39475
4              4              0              3              3              0       0.539398      -0.231074     -0.0166137        2.57639
4              4              0              4              4              0        2.00564        1.97324        2.21122        13.5311
4              4              0              5              5              0       0.541684      -0.228706     -0.0170817        2.59815
4              4              0              6              6              0       0.998531       0.904369       0.156029        8.39224
4              4              0              7              7              0       0.548125      -0.204693     0.00991225        2.65485
4              4              0              8              8              0       0.998523       0.904341       0.156065        8.39203
4              4              0              9              9              0       0.553687      -0.199297     0.00894206        2.70635
4              4              0             10             10              0       0.998435       0.904365       0.155777        8.39215
4              4              0             11             11              0       0.558035      -0.194881     0.00814429        2.74728
4              4              0             12             12              0       0.998379       0.904212       0.155987        8.39093
4              4              0             13             13              0       0.559162       -0.19276     0.00764319         2.7614
4              4              0             14             14              0       0.998452       0.900064       0.160856        8.36919
4              4              0             15             15              0        0.39395      -0.187823     0.00730764        1.78562
5              5              0              0              0              0       0.376375      -0.204453     0.00874894        1.62739
5              5              0              1              1              0       0.998389       0.900287       0.160777        8.36964
5              5              0              2              2              0       0.544308      -0.207946      0.0103254        2.62136
5              5              0              3              3              0       0.998534       0.904506       0.155583        8.39356
5              5              0              4              4              0       0.541684      -0.228706     -0.0170817        2.59815
5              5              0              5              5              0        2.00564        1.97324         2.2105        13.5326
5              5              0              6              6              0       0.538317      -0.232129     -0.0164463        2.56641
5              5              0              7              7              0       0.998528       0.904569       0.155532        8.39381
5              5              0              8              8              0       0.536304      -0.217054      0.0120831        2.54249
5              5              0              9              9              0       0.998505       0.904439        0.15581        8.39273
5              5              0             10             10              0       0.530587      -0.222365       0.013055        2.49032
5              5              0             11             11              0       0.998433       0.904363        0.15589        8.39191
5              5              0             12             12              0       0.527922       -0.22562      0.0136193        2.46343
5              5              0             13             13              0       0.998416       0.904889       0.155459        8.39424
5              5              0             14             14              0        0.53913      -0.224676      0.0140258         2.5327
5              5              0             15             15              0       0.984202       0.935991      0.0792507        8.55468
6              6              0              0              0              0       0.981533       0.936229      0.0792033        8.53948
6              6              0              1              1              0       0.551589      -0.212421      0.0117532        2.64876
6              6              0              2              2              0       0.998566       0.904954       0.155671        8.39492
6              6              0              3              3              0       0.538656      -0.214625      0.0116819         2.5647
6              6              0              4              4              0       0.998531       0.904369       0.156029        8.39224
6              6              0              5              5              0       0.538317      -0.232129     -0.0164463        2.56641
6              6              0              6              6              0        2.00564        1.97324        2.21104        13.5315
6              6              0              7              7              0       0.542112      -0.227987     -0.0171947         2.6031
6              6              0              8              8              0       0.998524       0.904408       0.155946        8.39247
6              6              0              9              9              0       0.550335      -0.202733     0.00954231        2.67473
6              6              0             10             10              0       0.998492        0.90445       0.155733        8.39283
6              6              0             11             11              0       0.554696      -0.198319     0.00874912        2.71572
6              6              0             12             12              0       0.998449        0.90431       0.155945        8.39173
6              6              0             13             13              0       0.555825      -0.196201     0.00824664        2.72985
6              6              0             14             14              0       0.998468       0.900162       0.160813        8.36967
6              6              0             15             15              0        0.39025      -0.191393     0.00761319         1.7521
7              7              0              0              0              0       0.380571       -0.20015     0.00838508         1.6662
7              7              0              1              1              0       0.998436       0.900274        0.16071        8.37002
7              7              0              2              2              0       0.548103      -0.203797     0.00961456          2.658
7              7              0              3              3              0       0.998541       0.904484       0.155588        8.39352
7              7              0              4              4              0       0.548125      -0.204693     0.00991225        2.65485
7              7              0              5              5              0       0.998528       0.904569       0.155532        8.39381
7              7              0              6              6              0       0.542112      -0.227987     -0.0171947         2.6031
7              7              0              7              7              0        2.00564        1.97325        2.21037        13.5329
7              7              0              8              8              0       0.537486      -0.232784     -0.0163003        2.55916
7              7              0              9              9              0       0.998517       0.904481       0.155682        8.39318
7              7              0             10             10              0       0.534421      -0.218239      0.0123362        2.52714
7              7              0             11             11              0       0.998497       0.904423       0.155837        8.39258
7              7              0             12             12              0       0.531763      -0.221496      0.0129032        2.50029
7              7              0             13             13              0       0.998486        0.90496       0.155409        8.39498
7              7              0             14             14              0       0.542939      -0.220571      0.0132873        2.56935
7              7              0             15             15              0        0.98342        0.93612      0.0792093        8.55046
8              8              0              0              0              0        0.98254       0.936137      0.0792041        8.54524
8              8              0              1              1              0       0.546977      -0.217189       0.012633        2.60503
8              8              0              2              2              0       0.998529       0.904923       0.155635        8.39467
8              8              0              3              3              0       0.533998      -0.219411      0.0125372        2.52068
8              8              0              4              4              0       0.998523       0.904341       0.156065        8.39203
8              8              0              5              5              0       0.536304      -0.217054      0.0120831        2.54249
8              8              0              6              6              0       0.998524       0.904408       0.155946        8.39247
8              8              0              7              7              0       0.537486      -0.232784     -0.0163003        2.55916
8              8              0              8              8              0        2.00564        1.97324        2.21097        13.5316
8              8              0              9              9              0       0.543068      -0.227409     -0.0173305        2.61084
8              8              0             10             10              0       0.998516       0.904504       0.155641        8.39332
8              8              0             11             11              0       0.550094       -0.20313     0.00959992        2.67198
8              8              0             12             12              0       0.998519       0.904379       0.155927         8.3924
8              8              0             13             13              0       0.551228      -0.201016     0.00909915        2.68612
8              8              0             14             14              0       0.998464       0.900231       0.160794        8.36989
8              8              0             15             15              0       0.385159      -0.196389     0.00804574         1.7057
9              9              0              0              0              0       0.386729      -0.194551     0.00789689        1.72093
9              9              0              1              1              0       0.998469       0.900141       0.160922        8.36939
9              9              0              2              2              0       0.553664      -0.198398     0.00864278        2.70951
9              9              0              3              3              0        0.99847       0.904343       0.155791        8.39227
9              9              0              4              4              0       0.553687      -0.199297     0.00894206        2.70635
9              9              0              5              5              0       0.998505       0.904439        0.15581        8.39273
9              9              0              6              6              0       0.550335      -0.202733     0.00954231        2.67473
9              9              0              7              7              0       0.998517       0.904481       0.155682        8.39318
9              9              0              8              8              0       0.543068      -0.227409     -0.0173305        2.61084
9              9              0              9              9              0        2.00564        1.97324        2.21096        13.5317
9              9              0             10             10              0       0.537406      -0.232725     -0.0162956        2.55886
9              9              0             11             11              0       0.998526       0.904387       0.155988        8.39234
9              9              0             12             12              0       0.537395      -0.216127      0.0119318        2.55213
9              9              0             13             13              0       0.998553       0.904935       0.155634        8.39485
9              9              0             14             14              0       0.548523      -0.215224      0.0122894        2.62089
9              9              0             15             15              0       0.982233       0.936166      0.0793024        8.54329
10             10              0              0              0              0       0.983732       0.936089      0.0790795         8.5525
10             10              0              1              1              0       0.541307      -0.222475      0.0136325        2.55315
10             10              0              2              2              0       0.998441       0.904941       0.155346        8.39478
10             10              0              3              3              0       0.528271      -0.224721      0.0135042        2.46845
10             10              0              4              4              0       0.998435       0.904365       0.155777        8.39215
10             10              0              5              5              0       0.530587      -0.222365       0.013055        2.49032
10             10              0              6              6              0       0.998492        0.90445       0.155733        8.39283
10             10              0              7              7              0       0.534421      -0.218239      0.0123362        2.52714
10             10              0              8              8              0       0.998516       0.904504       0.155641        8.39332
10             10              0              9              9              0       0.537406      -0.232725     -0.0162956        2.55886
10             10              0             10             10              0        2.00564        1.97325        2.21023        13.5331
10             10              0             11             11              0       0.541791      -0.228327     -0.0171316        2.60003
10             10              0             12             12              0       0.998533        0.90451       0.155587        8.39356
10             10              0             13             13              0       0.545575      -0.206356       0.010069        2.63425
10             10              0             14             14              0       0.998418       0.900359       0.160517        8.37055
10             10              0             15             15              0       0.378909      -0.201926     0.00853429        1.65061
11             11              0              0              0              0        0.39155      -0.189967     0.00749508        1.76441
11             11              0              1              1              0       0.998464       0.900059       0.161004        8.36895
11             11              0              2              2              0       0.558013      -0.193979     0.00784695        2.75045
11             11              0              3              3              0       0.998384       0.904254       0.155869        8.39133
11             11              0              4              4              0       0.558035      -0.194881     0.00814429        2.74728
11             11              0              5              5              0       0.998433       0.904363        0.15589        8.39191
11             11              0              6              6              0       0.554696      -0.198319     0.00874912        2.71572
11             11              0              7              7              0       0.998497       0.904423       0.155837        8.39258
11             11              0              8              8              0       0.550094       -0.20313     0.00959992        2.67198
11             11              0              9              9              0       0.998526       0.904387       0.155988        8.39234
11             11              0             10             10              0       0.541791      -0.228327     -0.0171316        2.60003
11             11              0             11             11              0        2.00564        1.97324        2.21118        13.5312
11             11              0             12             12              0       0.539159      -0.231606     -0.0165565        2.57325
11             11              0             13             13              0       0.998545       0.904945       0.155658        8.39479
11             11              0             14             14              0       0.552888      -0.210851      0.0114664        2.66185
11             11              0             15             15              0       0.981271       0.936233      0.0793332        8.53766
12             12              0              0              0              0       0.984271       0.935885      0.0791977        8.55489
12             12              0              1              1              0       0.538663      -0.225714      0.0142155        2.52641
12             12              0              2              2              0       0.998385       0.904784       0.155554        8.39355
12             12              0              3              3              0       0.525601      -0.227973       0.014069        2.44155
12             12              0              4              4              0       0.998379       0.904212       0.155987        8.39093
12             12              0              5              5              0       0.527922       -0.22562      0.0136193        2.46343
12             12              0              6              6              0       0.998449        0.90431       0.155945        8.39173
12             12              0              7              7              0       0.531763      -0.221496      0.0129032        2.50029
12             12              0              8              8              0       0.998519       0.904379       0.155927         8.3924
12             12              0              9              9              0       0.537395      -0.216127      0.0119318        2.55213
12             12              0             10             10              0       0.998533        0.90451       0.155587        8.39356
12             12              0             11             11              0       0.539159      -0.231606     -0.0165565        2.57325
12             12              0             12             12              0        2.00564        1.97325        2.21086        13.5319
12             12              0             13             13              0         0.5403      -0.229468     -0.0170313        2.58746
12             12              0             14             14              0       0.998351       0.900274       0.160671        8.36959
12             12              0             15             15              0       0.375998      -0.205326     0.00882097        1.62237
13             13              0              0              0              0       0.392799      -0.187756     0.00723228        1.77906
13             13              0              1              1              0       0.998464        0.90058       0.160559        8.37141
13             13              0              2              2              0       0.559139      -0.191854     0.00734793        2.76458
13             13              0              3              3              0       0.998363       0.904774       0.155437        8.39362
13             13              0              4              4              0       0.559162       -0.19276     0.00764319         2.7614
13             13              0              5              5              0       0.998416       0.904889       0.155459        8.39424
13             13              0              6              6              0       0.555825      -0.196201     0.00824664        2.72985
13             13              0              7              7              0       0.998486        0.90496       0.155409        8.39498
13             13              0              8              8              0       0.551228      -0.201016     0.00909915        2.68612
13             13              0              9              9              0       0.998553       0.904935       0.155634        8.39485
13             13              0             10             10              0       0.545575      -0.206356       0.010069        2.63425
13             13              0             11             11              0       0.998545       0.904945       0.155658        8.39479
13             13              0             12             12              0         0.5403      -0.229468     -0.0170313        2.58746
13             13              0             13             13              0        2.00569        1.97308        2.20923        13.5349
13             13              0             14             14              0       0.551327      -0.228923      -0.017206         2.6556
13             13              0             15             15              0       0.980996       0.936863      0.0790498        8.53847
14             14              0              0              0              0       0.981824       0.931591      0.0816695        8.52238
14             14              0              1              1              0       0.549778      -0.224768        0.01464        2.59508
14             14              0              2              2              0       0.998458       0.900633        0.16041        8.37182
14             14              0              3              3              0       0.536829      -0.227018      0.0144895        2.51094
14             14              0              4              4              0       0.998452       0.900064       0.160856        8.36919
14             14              0              5              5              0        0.53913      -0.224676      0.0140258         2.5327
14             14              0              6              6              0       0.998468       0.900162       0.160813        8.36967
14             14              0              7              7              0       0.542939      -0.220571      0.0132873        2.56935
14             14              0              8              8              0       0.998464       0.900231       0.160794        8.36989
14             14              0              9              9              0       0.548523      -0.215224      0.0122894        2.62089
14             14              0             10             10              0       0.998418       0.900359       0.160517        8.37055
14             14              0             11             11              0       0.552888      -0.210851      0.0114664        2.66185
14             14              0             12             12              0       0.998351       0.900274       0.160671        8.36959
14             14              0             13             13              0       0.551327      -0.228923      -0.017206         2.6556
14             14              0             14             14              0        2.00506        1.97496         2.2293        13.4967
14             14              0             15             15              0       0.386141      -0.221778      -0.014561        1.68063
15             15              0              0              0              0       0.213428      -0.182203     0.00541242       0.723134
15             15              0              1              1              0       0.981851       0.931518      0.0818536        8.52195
15             15              0              2              2              0       0.393924      -0.186876     0.00714819        1.78862
15             15              0              3              3              0       0.984663       0.935839      0.0792491          8.557
15             15              0              4              4              0        0.39395      -0.187823     0.00730764        1.78562
15             15              0              5              5              0       0.984202       0.935991      0.0792507        8.55468
15             15              0              6              6              0        0.39025      -0.191393     0.00761319         1.7521
15             15              0              7              7              0        0.98342        0.93612      0.0792093        8.55046
15             15              0              8              8              0       0.385159      -0.196389     0.00804574         1.7057
15             15              0              9              9              0       0.982233       0.936166      0.0793024        8.54329
15             15              0             10             10              0       0.378909      -0.201926     0.00853429        1.65061
15             15              0             11             11              0       0.981271       0.936233      0.0793332        8.53766
15             15              0             12             12              0       0.375998      -0.205326     0.00882097        1.62237
15             15              0             13             13              0       0.980996       0.936863      0.0790498        8.53847
15             15              0             14             14              0       0.386141      -0.221778      -0.014561        1.68063
15             15              0             15             15              0         2.0022         1.9882        2.03519        13.9074
