#site     lx      ly     state1     state2   OParams_[site][state1][state2].real()       OParams_[site][state1][state2].imag()
0              0              0              0              0       0.502853              0
0              0              0              0              1       0.014084     0.00638905
0              0              0              0              2     0.00138955     -0.0105989
0              0              0              0              3       0.490772      0.0788995
0              0              0              0              4     -0.0143579    0.000619498
0              0              0              0              5     0.00317378      0.0113145
0              0              0              1              1       0.776757              0
0              0              0              1              2    -0.00066544      -0.245944
0              0              0              1              3      -0.014414    0.000958592
0              0              0              1              4       0.220336      0.0340803
0              0              0              1              5     -0.0375885        0.24314
0              0              0              2              2       0.720376              0
0              0              0              2              3    -0.00349039     -0.0113597
0              0              0              2              4      0.0373713      -0.243176
0              0              0              2              5       0.275994      0.0439445
0              0              0              3              3       0.502853              0
0              0              0              3              4      0.0140813    -0.00604554
0              0              0              3              5    -0.00106983     -0.0106007
0              0              0              4              4       0.776761              0
0              0              0              4              5    0.000885187      -0.245951
0              0              0              5              5       0.720379              0
1              1              0              0              0        0.80049              0
1              1              0              0              1      0.0596632     0.00624812
1              1              0              0              2    -0.00198668       0.232693
1              1              0              0              3      0.0447414       0.193945
1              1              0              0              4     -0.0109724     -0.0588026
1              1              0              0              5       0.226551     -0.0534341
1              1              0              1              1       0.516177              0
1              1              0              1              2   -6.13771e-05      0.0426089
1              1              0              1              3     -0.0104333     -0.0589336
1              1              0              1              4       0.117725       0.469164
1              1              0              1              5       0.042584     -0.0058017
1              1              0              2              2       0.683348              0
1              1              0              2              3      -0.226536      0.0534715
1              1              0              2              4     -0.0424809     0.00622682
1              1              0              2              5      0.0756717       0.307289
1              1              0              3              3       0.800485              0
1              1              0              3              4      0.0596614    -0.00680271
1              1              0              3              5     0.00194697       0.232684
1              1              0              4              4       0.516177              0
1              1              0              4              5   -0.000375842      0.0426072
1              1              0              5              5       0.683343              0
2              2              0              0              0       0.505882              0
2              2              0              0              1      0.0196797     0.00654683
2              2              0              0              2     0.00058084     -0.0111134
2              2              0              0              3       0.461612       0.176008
2              2              0              0              4     -0.0198314    -0.00320611
2              2              0              0              5   -0.000178284      0.0119252
2              2              0              1              1       0.805521              0
2              2              0              1              2    -0.00158475      -0.237523
2              2              0              1              3     -0.0198698    -0.00311176
2              2              0              1              4       0.182113      0.0670131
2              2              0              1              5     -0.0816764       0.223136
2              2              0              2              2       0.688597              0
2              2              0              2              3    8.70552e-05     -0.0119558
2              2              0              2              4      0.0814796       -0.22321
2              2              0              2              5       0.291119       0.110056
2              2              0              3              3       0.505882              0
2              2              0              3              4      0.0196761     -0.0064451
2              2              0              3              5   -0.000484688     -0.0111147
2              2              0              4              4       0.805521              0
2              2              0              4              5     0.00179447      -0.237524
2              2              0              5              5       0.688599              0
3              3              0              0              0       0.794382              0
3              3              0              0              1      0.0609749     0.00647275
3              3              0              0              2    -0.00173191       0.233484
3              3              0              0              3      0.0413947       0.200984
3              3              0              0              4    -0.00973496     -0.0603487
3              3              0              0              5       0.228511     -0.0482819
3              3              0              1              1       0.517338              0
3              3              0              1              2    0.000266679      0.0446345
3              3              0              1              3    -0.00967481     -0.0603619
3              3              0              1              4       0.106124       0.470751
3              3              0              1              5      0.0446583     -0.0052895
3              3              0              2              2        0.68828              0
3              3              0              2              3      -0.228521      0.0482297
3              3              0              2              4     -0.0446469      0.0053241
3              3              0              2              5      0.0670026       0.304253
3              3              0              3              3       0.794382              0
3              3              0              3              4      0.0609767    -0.00653432
3              3              0              3              5      0.0017851       0.233482
3              3              0              4              4       0.517338              0
3              3              0              4              5   -0.000302861      0.0446352
3              3              0              5              5       0.688279              0
4              4              0              0              0       0.505739              0
4              4              0              0              1      0.0191524     0.00647194
4              4              0              0              2    0.000519252     -0.0107164
4              4              0              0              3        0.46214       0.175013
4              4              0              0              4     -0.0193816    -0.00288047
4              4              0              0              5    4.22839e-05       0.011575
4              4              0              1              1       0.805624              0
4              4              0              1              2    -0.00166425      -0.237564
4              4              0              1              3     -0.0193618    -0.00293523
4              4              0              1              4       0.182139      0.0666222
4              4              0              1              5     -0.0811427       0.223376
4              4              0              2              2       0.688638              0
4              4              0              2              3   -3.33043e-06     -0.0115595
4              4              0              2              4      0.0810953      -0.223393
4              4              0              2              5       0.291305        0.10944
4              4              0              3              3       0.505739              0
4              4              0              3              4      0.0191514    -0.00653017
4              4              0              3              5   -0.000561155     -0.0107164
4              4              0              4              4       0.805623              0
4              4              0              4              5     0.00171446      -0.237562
4              4              0              5              5       0.688637              0
5              5              0              0              0       0.794585              0
5              5              0              0              1      0.0615202     0.00647453
5              5              0              0              2    -0.00181564       0.233298
5              5              0              0              3      0.0417536       0.200704
5              5              0              0              4    -0.00999746     -0.0608584
5              5              0              0              5        0.22824     -0.0486623
5              5              0              1              1       0.517578              0
5              5              0              1              2    0.000239957      0.0450002
5              5              0              1              3    -0.00994226      -0.060871
5              5              0              1              4       0.107127       0.470278
5              5              0              1              5      0.0450043    -0.00545263
5              5              0              2              2       0.687837              0
5              5              0              2              3      -0.228221      0.0487445
5              5              0              2              4     -0.0449898     0.00551137
5              5              0              2              5      0.0677515       0.304542
5              5              0              3              3       0.794585              0
5              5              0              3              4      0.0615228    -0.00653118
5              5              0              3              5      0.0017314       0.233297
5              5              0              4              4       0.517578              0
5              5              0              4              5   -0.000300372      0.0450001
5              5              0              5              5       0.687836              0
6              6              0              0              0        0.50545              0
6              6              0              0              1      0.0168496     0.00655133
6              6              0              0              2    0.000598976    -0.00889385
6              6              0              0              3       0.461269       0.178099
6              6              0              0              4     -0.0171882    -0.00223206
6              6              0              0              5    0.000534596     0.00984428
6              6              0              1              1       0.805973              0
6              6              0              1              2    -0.00156477      -0.237627
6              6              0              1              3      -0.017226    -0.00214096
6              6              0              1              4       0.181343      0.0677614
6              6              0              1              5     -0.0827046       0.222871
6              6              0              2              2       0.688576              0
6              6              0              2              3   -0.000623245    -0.00987283
6              6              0              2              4      0.0824739      -0.222958
6              6              0              2              5       0.290629       0.111391
6              6              0              3              3        0.50545              0
6              6              0              3              4      0.0168464    -0.00645288
6              6              0              3              5   -0.000506004    -0.00889555
6              6              0              4              4       0.805973              0
6              6              0              4              5     0.00181095      -0.237628
6              6              0              5              5       0.688578              0
7              7              0              0              0       0.791705              0
7              7              0              0              1      0.0652012     0.00622726
7              7              0              0              2    -0.00171933       0.232927
7              7              0              0              3      0.0380899       0.204363
7              7              0              0              4    -0.00976365      -0.064601
7              7              0              0              5       0.228804     -0.0439969
7              7              0              1              1       0.519305              0
7              7              0              1              2    5.95744e-05      0.0483827
7              7              0              1              3    -0.00922224      -0.064707
7              7              0              1              4      0.0970644       0.470694
7              7              0              1              5      0.0484673     -0.0049718
7              7              0              2              2       0.688995              0
7              7              0              2              3      -0.228809      0.0439425
7              7              0              2              4     -0.0483844       0.005391
7              7              0              2              5      0.0611988       0.304743
7              7              0              3              3         0.7917              0
7              7              0              3              4      0.0651964    -0.00677878
7              7              0              3              5     0.00177373       0.232917
7              7              0              4              4       0.519304              0
7              7              0              4              5   -0.000486686      0.0483814
7              7              0              5              5       0.688991              0
8              8              0              0              0       0.505234              0
8              8              0              0              1      0.0144799     0.00664592
8              8              0              0              2    0.000662306    -0.00695783
8              8              0              0              3       0.458425       0.185876
8              8              0              0              4     -0.0149227    -0.00170149
8              8              0              0              5    0.000995256     0.00801465
8              8              0              1              1       0.807282              0
8              8              0              1              2    -0.00157242      -0.237399
8              8              0              1              3     -0.0150326    -0.00143493
8              8              0              1              4       0.178964      0.0703206
8              8              0              1              5     -0.0863115       0.221255
8              8              0              2              2       0.687482              0
8              8              0              2              3    -0.00121937    -0.00809857
8              8              0              2              4      0.0860374      -0.221366
8              8              0              2              5       0.289743       0.116647
8              8              0              3              3       0.505234              0
8              8              0              3              4      0.0144764    -0.00635777
8              8              0              3              5   -0.000423166    -0.00695991
8              8              0              4              4       0.807284              0
8              8              0              4              5     0.00186761      -0.237403
8              8              0              5              5       0.687485              0
9              9              0              0              0       0.793249              0
9              9              0              0              1      0.0629089     0.00639337
9              9              0              0              2    -0.00189496       0.233217
9              9              0              0              3      0.0399468       0.202435
9              9              0              0              4    -0.00976298     -0.0622959
9              9              0              0              5       0.228664     -0.0462203
9              9              0              1              1       0.518232              0
9              9              0              1              2     0.00015438      0.0463285
9              9              0              1              3    -0.00955595     -0.0623428
9              9              0              1              4       0.102129       0.470719
9              9              0              1              5      0.0463771     -0.0051597
9              9              0              2              2       0.688521              0
9              9              0              2              3      -0.228602      0.0465092
9              9              0              2              4     -0.0463309     0.00538994
9              9              0              2              5      0.0644532       0.304558
9              9              0              3              3       0.793247              0
9              9              0              3              4      0.0629157    -0.00660551
9              9              0              3              5     0.00159986       0.233214
9              9              0              4              4       0.518233              0
9              9              0              4              5    -0.00038907      0.0463261
9              9              0              5              5       0.688518              0
10             10              0              0              0       0.505839              0
10             10              0              0              1      0.0200601     0.00670516
10             10              0              0              2    0.000690081     -0.0114322
10             10              0              0              3       0.462465       0.173867
10             10              0              0              4     -0.0201572     -0.0033683
10             10              0              0              5   -0.000342032      0.0121826
10             10              0              1              1       0.805677              0
10             10              0              1              2    -0.00169443      -0.237493
10             10              0              1              3      -0.020299    -0.00298861
10             10              0              1              4       0.182252      0.0661434
10             10              0              1              5     -0.0805504       0.223518
10             10              0              2              2        0.68848              0
10             10              0              2              3    5.06352e-05     -0.0122965
10             10              0              2              4      0.0805687      -0.223516
10             10              0              2              5        0.29172       0.108774
10             10              0              3              3       0.505839              0
10             10              0              3              4      0.0200559    -0.00629998
10             10              0              3              5   -0.000377437     -0.0114317
10             10              0              4              4       0.805681              0
10             10              0              4              5     0.00167654      -0.237501
10             10              0              5              5       0.688484              0
11             11              0              0              0       0.795241              0
11             11              0              0              1       0.057617     0.00641968
11             11              0              0              2    -0.00187982       0.234137
11             11              0              0              3      0.0428543       0.199795
11             11              0              0              4    -0.00943932     -0.0569944
11             11              0              0              5       0.228814     -0.0499992
11             11              0              1              1       0.515919              0
11             11              0              1              2    0.000226816      0.0419396
11             11              0              1              3    -0.00927627     -0.0570338
11             11              0              1              4       0.109985       0.471322
11             11              0              1              5      0.0419928    -0.00497778
11             11              0              2              2       0.688842              0
11             11              0              2              3      -0.228753      0.0502636
11             11              0              2              4     -0.0419617     0.00516549
11             11              0              2              5      0.0692392       0.303174
11             11              0              3              3        0.79524              0
11             11              0              3              4      0.0576165    -0.00658715
11             11              0              3              5     0.00160922       0.234136
11             11              0              4              4       0.515919              0
11             11              0              4              5   -0.000416584      0.0419371
11             11              0              5              5        0.68884              0
12             12              0              0              0       0.506873              0
12             12              0              0              1      0.0266482     0.00680039
12             12              0              0              2    0.000733477     -0.0166325
12             12              0              0              3       0.464713       0.164696
12             12              0              0              4     -0.0263882    -0.00532439
12             12              0              0              5    -0.00186833      0.0170908
12             12              0              1              1       0.804932              0
12             12              0              1              2    -0.00152784      -0.237104
12             12              0              1              3      -0.026586    -0.00476112
12             12              0              1              4       0.184274      0.0626471
12             12              0              1              5     -0.0763363       0.224576
12             12              0              2              2        0.68819              0
12             12              0              2              3     0.00139467     -0.0172465
12             12              0              2              4      0.0759709      -0.224707
12             12              0              2              5       0.294045       0.103202
12             12              0              3              3       0.506873              0
12             12              0              3              4      0.0266489    -0.00620352
12             12              0              3              5   -0.000235185     -0.0166361
12             12              0              4              4       0.804937              0
12             12              0              4              5     0.00191586      -0.237113
12             12              0              5              5       0.688196              0
13             13              0              0              0       0.797863              0
13             13              0              0              1      0.0500383      0.0063021
13             13              0              0              2    -0.00182202        0.23522
13             13              0              0              3      0.0484553       0.195813
13             13              0              0              4    -0.00927436     -0.0493367
13             13              0              0              5        0.22825     -0.0571558
13             13              0              1              1       0.513103              0
13             13              0              1              2    0.000190552      0.0356735
13             13              0              1              3    -0.00890013     -0.0494365
13             13              0              1              4       0.124896        0.47051
13             13              0              1              5      0.0357637    -0.00465541
13             13              0              2              2       0.689039              0
13             13              0              2              3      -0.228198      0.0573416
13             13              0              2              4     -0.0356812     0.00498652
13             13              0              2              5      0.0783949       0.300736
13             13              0              3              3        0.79786              0
13             13              0              3              4       0.050042    -0.00668915
13             13              0              3              5     0.00162968       0.235214
13             13              0              4              4       0.513103              0
13             13              0              4              5   -0.000531554      0.0356714
13             13              0              5              5       0.689035              0
14             14              0              0              0        0.50812              0
14             14              0              0              1      0.0348181     0.00673906
14             14              0              0              2    0.000515162     -0.0228433
14             14              0              0              3       0.466943       0.154276
14             14              0              0              4     -0.0343099    -0.00717063
14             14              0              0              5    -0.00337887      0.0230616
14             14              0              1              1       0.807825              0
14             14              0              1              2    -0.00183015      -0.235661
14             14              0              1              3     -0.0344432    -0.00676689
14             14              0              1              4       0.182851         0.0575
14             14              0              1              5     -0.0709116       0.224835
14             14              0              2              2       0.684059              0
14             14              0              2              3     0.00305181     -0.0231682
14             14              0              2              4      0.0707762      -0.224883
14             14              0              2              5       0.300095      0.0981875
14             14              0              3              3        0.50812              0
14             14              0              3              4      0.0348138    -0.00631405
14             14              0              3              5   -0.000171327     -0.0228447
14             14              0              4              4       0.807829              0
14             14              0              4              5      0.0019736      -0.235668
14             14              0              5              5       0.684063              0
15             15              0              0              0        0.77398              0
15             15              0              0              1      0.0335958     0.00607316
15             15              0              0              2   -0.000920652       0.244487
15             15              0              0              3      0.0192952       0.224916
15             15              0              0              4   -0.000368314     -0.0337228
15             15              0              0              5       0.243607     -0.0215437
15             15              0              1              1       0.506301              0
15             15              0              1              2     0.00101483      0.0282013
15             15              0              1              3    -9.4249e-05     -0.0337493
15             15              0              1              4      0.0465489       0.491426
15             15              0              1              5      0.0286427     0.00265456
15             15              0              2              2       0.719712              0
15             15              0              2              3      -0.243597      0.0216379
15             15              0              2              4     -0.0286194    -0.00239646
15             15              0              2              5        0.02571       0.278957
15             15              0              3              3       0.773977              0
15             15              0              3              4      0.0335987    -0.00634836
15             15              0              3              5    0.000826167       0.244481
15             15              0              4              4       0.506301              0
15             15              0              4              5    -0.00127389      0.0282006
15             15              0              5              5       0.719709              0
